4214853191
4217608123
4217618800
4215112789
4217615009
4177110792
4217628029
4215114362
4215117975
4215108872
4215108916
4215119945
4215126479
4215113385
4217606258
4210031336
4217619212
4217602909
4215150225
4204977703
4173189296
4215152003
4217624667
4174916268
4215148216
4217641225
4188900461
4217645025
4217636904
4215145475
4215139659
4217645080
4217635773
4217640002
4217646178
4217640823
4217643152
4217638584
4215137430
4215144705
4215139421
4215130469
4217640214
4217630979
4217645849
4217647463
4217651219
4217647552
4217433191
4138869917
4214290069
4103947319
3960991127
3679200884
4170753489
4190982679
4158404951
3691138327
4204881892
4150861212
3960987516
3686162306
3852872874
4166029573
3846509002
4025858028
4189982653
4217640504
4118122952
4215153035
3686161384
3723011827
4215149550
4102635699
4217642059
4217644427
4190009413
4205958268
4213692926
4146991433
3686160447
4212627702
4192474832
3686163273
4093120304
4105450431
4096314329
4216798558
4215149534
4145677545
4145681270
4146212847
4187100061
4050362665
4215147817
4217654340
4215156148
4215151606
4215147770
4212236625
4215173295
4205456209
4215165606
4217674492
4217680278
4217677365
4215166603
4215162274
4215163119
4215158819
4215159952
4215158946
4215163145
4215163176
4215163319
4215161618
4215156964
4215159764
4215158798
4215162230
4215161651
4215158913
4215164005
4215157969
4215164165
4215164157
4215160646
4215165137
4215162196
4215158948
4215158886
4215159752
4215163329
4215160831
4215159928
4215158799
4215157929
4215158783
4215159953
4215158772
4215161591
4215164093
4215161601
4215163091
4215164125
4215163121
4215164183
4215164047
4215160834
4215158760
4215157920
4215158949
4215160635
4215163104
4215162386
4215164102
4215156914
4215166088
4215161584
4215162211
4215157924
4215161580
4215159940
4215164027
4215159723
4215157947
4215157915
4215161595
4215162188
4215162394
4215165130
4216987167
4215162398
4215163166
4215158766
4215158990
4215160651
4215163334
4215162194
4215159926
4215163305
4217679636
4143667405
4130659316
4215947782
4213398439
4215187076
4215182252
4215176644
4209139059
4217684449
4215947787
4217685257
4217691215
4215182690
4217685666
4217641234
4208347645
4213983549
4215527223
4215510505
4218438090
4213051608
4218437309
4218430799
4218435233
4218431957
4218437204
4218432692
